name CORONET
spacewidth 5367
slant 13.000000
pcltypeface 4116
pclproportional 1
pclweight 0
pclstyle 1
ligatures fi fl ff ffi ffl 0
charset
!	4878,19920,195,7221,-2493,373	2	3617
dq	7317,18990,0,6453,-5436,373	2	3618
"	"
sh	10734,12180,0,3747,-4383,373	0	3619
#	"
Do	10734,13725,2865,4302,-2004,373	0	3620
$	"
%	13662,12180,195,2877,-4566,373	0	3621
&	20490,18330,600,5373,-3330,373	2	3622
cq	4392,19590,0,6309,-6069,373	2	51751
'	"
(	5367,19590,6555,8709,-2142,373	3	3624
)	5367,19590,6555,5466,1101,373	3	3625
*	10734,19590,0,5157,-8682,373	2	3626
+	13662,7245,0,1473,-5256,373	0	3627
,	5367,1950,3360,2172,-1458,373	0	3628
hy	5367,3600,0,3648,-1854,373	0	3629
-	"
.	5367,1950,195,2184,-2772,373	0	3630
sl	5367,19920,195,8472,-519,373	2	3631
/	"
0	10734,12180,195,4167,-2946,373	0	3632
1	10734,12180,195,2073,-4824,373	0	3633
2	10734,12180,165,4089,-2616,373	0	3634
3	10734,12180,195,4128,-1926,373	0	3635
4	10734,12669,633,3570,-2064,373	0	3636
5	10734,12000,195,3726,-1446,373	0	3637
6	10734,12987,195,3444,-2784,373	0	3638
7	10734,12000,195,4359,-4236,373	0	3639
8	10734,12180,195,4035,-2751,373	0	3640
9	10734,12180,1329,4101,-3342,373	0	3641
:	5367,6348,195,3393,-2772,373	0	3642
;	5367,6348,3360,3393,-1458,373	0	3643
<	26346,16068,0,0,-3981	0	3644
=	13662,4953,0,1467,-5265,373	0	3645
>	26346,16068,0,0,-3981	0	3646
?	7806,17439,195,6786,-3408,373	0	3647
at	13662,10044,3552,2940,-2850,373	0	3648
@	"
A	23418,19995,600,5910,-1212,373	2	3649
B	14148,19590,600,6999,-1641,373	2	3650
C	14637,19590,600,7032,-2973,373	2	3651
D	23418,19701,0,3345,-2532,373	2	3652
E	15126,19590,600,7173,-2298,373	2	3653
F	17076,19590,600,6105,-2997,373	2	3654
G	15126,19590,6765,7056,-2898,373	3	3655
H	23907,19596,330,6129,-1356,373	2	3656
I	15126,19590,600,4941,-1200,373	2	3657
J	13173,19590,6519,5952,-228,373	3	3658
K	23418,19590,600,7575,-1203,373	2	3659
L	18051,19590,600,6657,-1512,373	2	3660
M	21954,19785,2223,6414,-4794,373	2	3661
N	15612,19830,2220,6954,-4554,373	2	3662
O	18051,19590,600,5169,-3555,373	2	3663
P	14148,19590,3276,6537,-747,373	2	3664
Q	18051,19590,3249,5169,-3555,373	2	3665
R	15126,19590,600,6837,-1317,373	2	3666
S	17565,19590,600,7359,-1560,373	2	3667
T	15612,19590,600,7557,-3009,373	2	3668
U	16587,19785,2220,7305,-4908,373	2	3669
V	16587,19602,600,7923,-5118,373	2	3670
W	23907,19590,600,7470,-5073,373	2	3671
X	15126,19590,600,7557,-1047,373	2	3672
Y	16101,19590,5784,7764,-4359,373	2	3673
Z	18051,19590,270,7545,-1266,373	2	3674
lB	5367,19590,6750,8592,-51,373	3	3675
[	"
rs	5367,19920,195,3192,-4176,373	2	3676
\	"
rB	5367,19590,6750,7695,846,373	3	3677
]	"
ha	13173,19758,0,36,36,36	2	51875
_	13173,0,6588,1317,1317,373	1	3679
oq	4392,19590,0,6309,-6069,373	2	51808
`	"
a	8781,6240,195,3735,-2094,373	0	3681
b	8295,18015,195,3219,-2298,373	2	3682
c	6831,6240,195,3807,-2013,373	0	3683
d	8781,18015,195,6720,-1986,373	2	3684
e	6831,6240,195,3648,-1959,373	0	3685
f	5856,19920,6555,8130,-45,373	3	3686
g	8295,6240,6555,3243,-1464,373	1	3687
h	8781,18015,195,4152,-1947,373	2	3688
i	4878,10050,195,4416,-2343,373	0	3689
j	4392,10146,6555,4560,1614,373	1	3690
k	8295,18015,195,3720,-2010,373	2	3691
l	5367,19920,195,8229,-2355,373	2	3692
m	12198,6240,195,4164,-2061,373	0	3693
n	8295,6240,195,4122,-2046,373	0	3694
o	7317,6240,195,3615,-1923,373	0	3695
p	8295,6240,6555,3597,-3,373	1	3696
q	8781,6240,6555,3960,-2010,373	1	3697
r	5856,6240,0,4149,-1998,373	0	3698
s	5856,7410,195,3423,-1674,373	0	3699
t	4878,12324,195,4935,-2211,373	0	3700
u	8781,6240,195,3834,-2502,373	0	3701
v	6831,6240,195,4293,-2229,373	0	3702
w	10734,6240,195,3777,-2202,373	0	3703
x	5856,6240,0,4203,-1017,373	0	3704
y	7806,6240,6555,3639,-2133,373	1	3705
z	5856,6045,0,4245,-1332,373	0	3706
lC	11709,19935,6210,6660,-5130,373	3	3707
{	"
ba	13173,19758,6588,0,-4596	3	3708
|	"
rC	11709,19935,6210,2163,-633,373	3	3709
}	"
ti	26346,8952,0,0,-4029	0	51876
`A	23418,24825,600,5910,-1212,373	2	3776
^A	23418,24975,600,9558,-1212,373	2	3778
`E	15126,24825,600,7173,-2298,373	2	3784
^E	15126,24975,600,7404,-2298,373	2	3786
:E	15126,23370,600,7644,-2298,373	2	3787
^I	15126,24975,600,7404,-1200,373	2	3790
:I	15126,23370,600,6744,-1200,373	2	3791
aa	10734,9885,0,3222,-7335,373	0	3764
ga	10734,9885,0,1608,-5721,373	0	3680
a^	10734,9885,0,2160,-4875,373	0	3678
^	"
ad	10734,9240,0,2286,-6036,373	0	3752
a~	10734,9282,0,2601,-5589,373	0	3710
~	"
`U	16587,24825,2220,7305,-4908,373	2	3801
^U	16587,24975,2220,7305,-4908,373	2	3803
'Y	16101,24825,5784,7764,-4359,373	2	3805
'y	7806,9885,6555,4086,-2133,373	1	3837
de	10734,12180,0,3030,-6330,373	0	3760
,C	14637,19590,4569,7032,-2973,373	2	3783
,c	6831,6240,4206,3807,-1905,373	0	3815
~N	15612,23673,2220,6954,-4554,373	2	3793
~n	8295,9282,195,4122,-2046,373	0	3825
r!	4878,9900,10215,4278,450,373	1	3745
r?	7806,8658,8976,3063,315,373	1	3775
Cs	10734,10530,0,4335,-2808,373	0	3748
Po	10734,12180,195,4797,-1131,373	0	3747
Ye	10734,12708,5787,6393,1848,373	0	3749
sc	10734,12360,360,4200,-2340,373	0	3751
Fn	10734,19920,6555,4971,-1764,373	3	51871
ct	10734,11385,0,2574,-4755,373	0	3746
^a	8781,9885,195,4035,-2094,373	0	3810
^e	6831,9885,195,5010,-1959,373	0	3818
^o	7317,9885,195,4467,-1923,373	0	3828
^u	8781,9885,195,3834,-2502,373	0	3835
'a	8781,9885,195,4197,-2094,373	0	3809
'e	6831,9885,195,5622,-1959,373	0	3817
'o	7317,9885,195,5379,-1923,373	0	3827
'u	8781,9885,195,4197,-2502,373	0	3834
`a	8781,9885,195,3735,-2094,373	0	3808
`e	6831,9885,195,3648,-1959,373	0	3816
`o	7317,9885,195,3615,-1923,373	0	3826
`u	8781,9885,195,3834,-2502,373	0	3833
:a	8781,9240,195,3735,-2094,373	0	3812
:e	6831,9240,195,4686,-1959,373	0	3819
:o	7317,9240,195,4593,-1923,373	0	3830
:u	8781,9240,195,3834,-2502,373	0	3836
oA	23418,24315,600,7644,-1212,373	2	3781
^i	4878,9885,195,5088,-1947,373	0	3822
/O	18051,19638,636,7677,-1428,373	2	3800
AE	24396,19590,600,7059,309,373	2	3782
oa	8781,10395,195,3735,-2094,373	0	3813
'i	4878,9885,195,6150,-2343,373	0	3821
/o	7317,6240,201,4239,-1161,373	0	3832
ae	11220,6240,195,3378,-2058,373	0	3814
:A	23418,23370,600,8598,-1212,373	2	3780
`i	4878,9885,195,4536,-2343,373	0	3820
:O	18051,23370,600,5169,-3555,373	2	3798
:U	16587,23370,2220,7305,-4908,373	2	3804
'E	15126,24825,600,7515,-2298,373	2	3785
:i	4878,9240,195,5214,-2343,373	0	3823
ss	9270,19920,6555,4851,-150,373	3	3807
^O	18051,24975,600,5169,-3555,373	2	3796
'A	23418,24825,600,8739,-1212,373	2	3777
~A	23418,23673,600,9720,-1212,373	2	3779
~a	8781,9282,195,3735,-2094,373	0	3811
-D	23418,19698,0,3291,-2583,373	2	3792
Sd	8781,18015,195,5640,-2607,373	2	3824
'I	15126,24825,600,6585,-1200,373	2	3789
`I	15126,24825,600,4941,-1200,373	2	3788
'O	18051,24825,600,5169,-3555,373	2	3795
`O	18051,24825,600,5169,-3555,373	2	3794
~O	18051,23673,600,5202,-3555,373	2	3797
~o	7317,9282,195,4308,-1923,373	0	3829
vS	17565,25035,600,8751,-1560,373	2	51795
vs	5856,11133,195,6582,-1674,373	0	51827
'U	16587,24825,2220,7305,-4908,373	2	3802
:Y	16101,23370,5784,7764,-4359,373	2	51801
:y	7806,9240,6555,3639,-2133,373	1	3839
TP	14148,19590,3228,5598,-750,373	2	3806
Tp	8295,18015,6555,3597,-3,373	3	3838
mc	14637,10800,5595,612,585,373	0	3765
ps	10734,19635,4200,2865,-4977,373	2	3766
34	13662,12714,426,4089,-2625,373	0	3774
\-	13662,4020,0,837,-4635,373	0	51757
14	13662,12714,426,3339,-3750,373	0	3772
12	13662,12714,426,3726,-3750,373	0	3773
Of	8295,12180,0,5139,-3018,373	0	3754
Om	8295,12180,0,4494,-3870,373	0	3770
Fo	7317,6840,870,5124,-2202,373	0	3755
Fc	7317,6840,870,3621,-699,373	0	3771
t+-	13662,7263,432,819,-4602,373	0	3761
bb	13173,19083,5916,0,-4596	3	3750
co	13173,19725,0,8436,-6612,373	2	3753
tno	13662,5640,0,1545,-5343,373	0	3756
rg	13173,19725,0,8436,-6612,373	2	3758
S2	6342,12150,0,4965,-3669,373	0	3762
S3	6342,12150,0,5163,-3225,373	0	3763
ac	10734,0,4206,0,-3858	0	3768
S1	6342,12150,0,4314,-4950,373	0	3769
tmu	13662,7281,0,1434,-5199,373	0	3799
tdi	13662,6570,0,1371,-5169,373	0	3831
pc	5367,6801,0,3285,-3873,373	0	3767
fm	5367,11985,0,4482,-4725,373	0	51873
sd	7806,11985,0,4626,-4725,373	0	51874
dg	10734,12360,2565,3789,-4824,373	0	51755
tm	16101,17550,0,8922,-6573,373	0	51796
ah	10734,9993,0,3468,-6183,373	0	51935
ao	10734,10395,0,1947,-6897,373	0	51930
f/	2439,12714,426,7488,492,373	0	51759
em	13662,3600,0,1644,-3693,373	0	51789
en	10734,3600,0,1509,-4098,373	0	51790
dd	10734,12360,2565,3195,-4230,373	0	51773
.i	4878,6240,195,3915,-2343,373	0	51957
aq	4392,18990,0,6729,-5586,373	2	3623
bu	13173,14226,0,0,-498	0	51889
'C	14637,24825,600,7947,-2973,373	2	20166
'c	6831,9885,195,5622,-2013,373	0	20198
lq	7317,19590,0,6600,-6075,373	2	51838
rq	7317,19590,0,6600,-6075,373	2	51746
Bq	7317,2064,2151,2220,-1695,373	0	51772
vz	5856,9993,0,5907,-1332,373	0	51834
fi	10245,19920,6555,4416,-42,373	3	51881
fl	10734,19920,6555,8226,-42,373	3	51882
ff	11220,19920,6555,8130,-45,373	3	51883
Fi	15612,19920,6555,4413,-39,373	3	51884
Fl	16587,19914,6429,8226,-42,373	3	51885
ij	9270,10146,6555,4560,-2343,373	1	51958
bq	4392,2064,2151,2655,-2415,373	0	51756
%0	17565,12180,195,3261,-3657,373	0	51901
a-	10734,8115,0,2277,-6513,373	0	3759
ab	10734,9810,0,2814,-6066,373	0	51926
a.	10734,9240,0,1182,-7527,373	0	51927
oe	11220,6240,195,3690,-1923,373	0	51823
OE	26346,19590,600,4215,-3723,373	2	51791
fo	4878,6840,870,4353,-1842,373	0	51886
fc	4878,6840,870,3207,-696,373	0	51887
sq	19029,15624,0,0,-2022	0	51899
/L	18051,19590,600,6657,-1512,373	2	51944
/l	6342,19920,195,7704,-1944,373	2	51960
a"	10734,9885,0,4803,-6144,373	0	51933
ho	10734,318,2727,1575,-6618,373	0	51934
vZ	18051,25035,270,7545,-1266,373	2	51802
IJ	25371,19590,6519,5952,-1200,373	3	51942
